1178638623085940738
1200566054713544705
1200567163578470402
1201645058266669057
1201645882871033864
1201646988711870464
1201650387851329536
1201651050656288768
1201651419952111617
1204039364273229824
1204034891010183169
1203373628722692097
1203372838863986688
1203172701327810560
1202632991354359809
1202632795517902848
1202621345584099328
1202305599389732867
1202006218472116231
1201999768433631233
1201917117530021889
1201915175974133761
1201901136728526850
1201868539495354376
1201670753889992704
1201669983920513025
1201669863284125697
1201669820246319105
1201669779704209410
1204039364273229824
1204034891010183169
1203373628722692097
1203372838863986688
1203172701327810560
1202632991354359809
1202632795517902848
1202621345584099328
1202305599389732867
1202006218472116231
1201999768433631233
1201917117530021889
1201915175974133761
1201901136728526850
1201868539495354376
1201670753889992704
1201669983920513025
1201669863284125697
1201669820246319105
1204039364273229824
1204034891010183169
1203373628722692097
1203372838863986688
1203172701327810560
1202632991354359809
1202632795517902848
1202621345584099328
1202305599389732867
1202006218472116231
1201999768433631233
1201917117530021889
1201915175974133761
1201901136728526850
1201868539495354376
1201670753889992704
1201669983920513025
1201669863284125697
1204039364273229824
1204137100209278976
1204137574870245378
1204140332419616769
1204186461769261057
1204187351305506816
1204188859984162817
